02.0650000 +42.3167000 AND  3
01.1616700 +35.6167000 AND  1
00.6550000 +30.8500000 AND  1
00.1394440 +29.0833000 AND  1
01.1616700 +35.6167000 AND  0
00.9455560 +38.4833000 AND  1
00.8300000 +41.0667000 AND  1
10.9452778 -37.1377778 ANT  1 Iota Antliae
10.4525000 -31.0677778 ANT  1 Alpha Antliae
09.4872222 -35.9513889 ANT  1 Epsilon Antliae
14.7972000 -79.0333000 APS  3
16.3389000 -78.6833000 APS  2
16.5572000 -78.8833000 APS  2
16.7178000 -77.5167000 APS  2
20.7944000 -09.4833300 AQR  3
21.5256000 -05.5666700 AQR  1
22.0961000 -00.3166670 AQR  1
22.3606000 -01.3833300 AQR  1
22.4800000 -00.0166660 AQR  1
22.5889000 -00.1166670 AQR  1
23.2383000 -06.0333300 AQR  1
22.8767000 -07.5666700 AQR  1
22.8261000 -13.5833000 AQR  1
22.9106000 -15.8167000 AQR  1
23.1572000 -21.1667000 AQR  1
22.4800000 -00.0166660 AQR  0
22.4212861 +01.3774160 AQR  1
22.0961000 -00.3166670 AQR  0
22.2806000 -07.7833300 AQR  1
22.1072861 -12.1303050 AQR  1
20.1883000 -00.8166670 AQL  3
19.8461000 +08.8666700 AQL  1
19.7706000 +10.6000000 AQL  1
19.0900000 +13.8500000 AQL  1
18.9936111 +15.0680550 AQL  1
19.8461000 +08.8666700 AQL  0
19.4244000 +03.1000000 AQL  1
19.1039000 -04.8666700 AQL  1
17.5306000 -49.8667000 ARA  3
17.4217000 -55.5167000 ARA  1
17.4228000 -56.3667000 ARA  1
16.9767000 -55.9833000 ARA  1
16.9928000 -53.1500000 ARA  1
17.5306000 -49.8667000 ARA  1
01.8916700 +19.2833000 ARI  3
01.9105600 +20.8000000 ARI  1
02.1194400 +23.4500000 ARI  1
02.8327800 +27.2500000 ARI  1
05.2777800 +45.9833000 AUR  3
05.9916700 +44.9333000 AUR  1
05.9950000 +37.2000000 AUR  1
05.4377800 +28.6000000 AUR  1
04.9494400 +33.1500000 AUR  1
05.0411100 +41.0667000 AUR  1
05.1085806 +41.2344720 AUR  1
05.0327800 +43.8167000 AUR  1
05.2777800 +45.9833000 AUR  1
14.2606000 +19.1667000 BOO  3
14.7494000 +27.0667000 BOO  1
15.2583000 +33.3000000 BOO  1
15.0322000 +40.3833000 BOO  1
14.5344000 +38.3000000 BOO  1
14.5300000 +30.3667000 BOO  1
14.2606000 +19.1667000 BOO  1
05.0733300 -35.4833000 CAE  3
07.0011111 +76.9775000 CAM  1 HR2527
06.3138889 +69.3197222 CAM  1 HR2209
04.9008333 +66.3427778 CAM  1 Alpha Camelopardalis
05.0569444 +60.4422222 CAM  1 Beta Camelopardalis
04.9547222 +53.7522222 CAM  1 7 Camelopardalis
05.0569444 +60.4422222 CAM  0 Beta Camelopardalis
04.9008333 +66.3427778 CAM  0 Alpha Camelopardalis
03.8391667 +71.3322222 CAM  1 Gamma Camelopardalis
03.8202778 +70.8711111 CAM  1 HR1138
03.8252778 +65.5261111 CAM  1 HR1155
03.4844444 +59.9402778 CAM  1 HR1035
08.7777800 +28.7500000 CNC  3
08.7211100 +21.4667000 CNC  2
08.7444400 +18.1500000 CNC  2
08.9744400 +11.8500000 CNC  2
08.7444400 +18.1500000 CNC  0
08.2750000 +09.1833300 CNC  2
12.9333000 +38.3167000 CVN  3
12.5622000 +41.3500000 CVN  2
06.3783300 -17.9500000 CMA  3
06.7522200 -16.7000000 CMA  1
07.0500000 -23.8333000 CMA  1
07.1394400 -26.3833000 CMA  1
07.0283300 -27.9333000 CMA  1
06.9766700 -28.9667000 CMA  1
06.3385556 -29.9366660 CMA  1
07.4011100 -29.3000000 CMA  0
07.1394400 -26.3833000 CMA  1
07.6550000 +05.2166700 CMI  3
07.4522200 +08.2833300 CMI  1
20.2939000 -12.5000000 CAP  3
20.3500000 -14.7667000 CAP  1
20.4810000 -16.1863880 CAP  1
20.7678000 -25.2667000 CAP  1
20.8633000 -26.9167000 CAP  1
21.7839000 -16.1167000 CAP  0
21.6678000 -16.6500000 CAP  1
21.4444000 -22.4000000 CAP  1
21.3706000 -16.8333000 CAP  1
21.0989000 -17.2167000 CAP  1
20.3500000 -14.7667000 CAP  1
06.3988900 -52.6833000 CAR  3
09.2200000 -69.7167000 CAR  1
10.2289000 -70.0333000 CAR  1
10.7156000 -64.3833000 CAR  1
10.5333000 -61.6833000 CAR  1
09.2844400 -59.2667000 CAR  1
08.3750000 -59.5000000 CAR  1
07.9463083 -51.0176380 CAR  2
00.1527780 +59.1333000 CAS  3
00.6750000 +56.5333000 CAS  1
00.9450000 +60.7167000 CAS  1
01.4300000 +60.2333000 CAS  1
01.9061100 +63.6667000 CAS  1
14.6594000 -60.8333000 CEN  3
13.6644000 -53.4500000 CEN  1
14.0633000 -60.3667000 CEN  1
14.1111000 -36.3667000 CEN  0
13.8250000 -41.6833000 CEN  1
13.9256000 -47.2833000 CEN  1
13.6644000 -53.4500000 CEN  1
12.6917000 -48.9500000 CEN  1
13.3428000 -36.7000000 CEN  1
13.8250000 -41.6833000 CEN  1
21.3094000 +62.5833000 CEP  3
21.4772000 +70.5500000 CEP  1
23.6556000 +77.6167000 CEP  1
22.8278000 +66.2000000 CEP  1
22.1806000 +58.2000000 CEP  1
21.3094000 +62.5833000 CEP  1
03.0377800 +04.0833300 CET  3
02.7216700 +03.2333300 CET  1
02.3222200 -02.9666700 CET  1
01.1427800 -10.1667000 CET  1
00.3233330 -08.8166700 CET  1
00.7261110 -17.9833000 CET  1
01.1427800 -10.1667000 CET  1
08.3083300 -76.9167000 CHA  3
10.5911000 -78.6000000 CHA  1
12.3057833 -78.6877770 CHA  1
10.7630556 -79.4598050 CHA  1
08.3440389 -76.5155270 CHA  1
08.3083300 -76.9167000 CHA  1
15.2917000 -58.8000000 CIR  3
14.7083000 -64.9667000 CIR  1
15.3894000 -59.3167000 CIR  1
05.5200000 -35.4667000 COL  3
05.6605600 -34.0667000 COL  1
05.8488900 -35.7667000 COL  1
05.9588900 -35.2833000 COL  1
06.2758722 -34.8594720 COL  1
06.3683300 -33.4333000 COL  1
05.9855600 -42.8000000 COL  0
05.8488900 -35.7667000 COL  1
13.1661000 +17.5167000 COM  3
13.1978000 +27.8667000 COM  2
12.4489000 +28.2667000 COM  2
18.9786111 -36.8925000 CRA  3
19.1067000 -37.0500000 CRA  1
19.1578000 -37.9000000 CRA  1
19.1667000 -39.3333000 CRA  1
19.1389000 -40.4833000 CRA  1
19.0519444 -41.9047220 CRA  1
15.5483000 +31.3500000 CRB  3
15.4633000 +29.1000000 CRB  1
15.5778000 +26.7000000 CRB  1
15.7122000 +26.2833000 CRB  1
15.8261000 +26.0667000 CRB  1
15.9594000 +26.8667000 CRB  1
16.0239000 +29.8500000 CRB  2
12.1683000 -22.6167000 CRV  3
12.5728000 -23.3833000 CRV  1
12.4972000 -16.5000000 CRV  1
12.2633000 -17.5333000 CRV  1
12.1683000 -22.6167000 CRV  1
11.6113639 -08.1977500 CRT  3
11.4101639 -09.1406660 CRT  1
11.3222000 -14.7667000 CRT  1
11.4144000 -17.6833000 CRT  1
11.7460500 -17.6493330 CRT  1
11.3222000 -14.7667000 CRT  0
10.9961000 -18.2833000 CRT  1
11.1939000 -22.8167000 CRT  1
11.4144000 -17.6833000 CRT  1
12.4428000 -63.0833000 CRU  3
12.5189000 -57.1000000 CRU  1
12.7950000 -59.6833000 CRU  0
12.2522000 -58.7333000 CRU  1
19.5117000 +27.9500000 CYG  3
19.9383000 +35.0833000 CYG  1
20.3700000 +40.2500000 CYG  1
20.6900000 +45.2667000 CYG  1
19.2850000 +53.3667000 CYG  0
19.4950000 +51.7167000 CYG  1
19.7494000 +45.1167000 CYG  1
20.3700000 +40.2500000 CYG  1
20.7700000 +33.9667000 CYG  1
21.2156000 +30.2167000 CYG  1
20.5533000 +11.3000000 DEL  3
20.6256000 +14.5833000 DEL  1
20.7239000 +15.0667000 DEL  1
20.7772000 +16.1167000 DEL  1
20.6606000 +15.9000000 DEL  1
20.6256000 +14.5833000 DEL  1
04.2666700 -51.4833000 DOR  3
04.5661100 -55.0333000 DOR  1
05.0918500 -56.5273050 DOR  1
05.5600000 -62.4833000 DOR  1
05.7462167 -64.2644720 DOR  1
05.9016806 -62.9103610 DOR  0
05.5600000 -62.4833000 DOR  1
10.5848556 +75.7129440 DRA  3
11.5233000 +69.3167000 DRA  2
12.5578000 +69.7833000 DRA  2
14.0728000 +64.3667000 DRA  2
15.4150000 +58.9500000 DRA  2
16.0311000 +58.5500000 DRA  2
16.3994000 +61.5000000 DRA  2
17.1461000 +65.7000000 DRA  2
18.3506000 +72.7167000 DRA  2
19.8028000 +70.2667000 DRA  2
19.2089000 +67.6500000 DRA  2
17.8917000 +56.8667000 DRA  2
17.5361000 +55.1833000 DRA  2
17.5072000 +52.3000000 DRA  2
17.9433000 +51.4833000 DRA  2
17.8917000 +56.8667000 DRA  2
21.1722000 +10.1167000 EQU  3
21.2633000 +05.2333300 EQU  2
21.3815556 +06.8111110 EQU  2
21.2411000 +10.0000000 EQU  2
21.1722000 +10.1167000 EQU  2
05.1524389 -07.2459160 ERI  3
05.1305600 -05.0833300 ERI  1
04.8815750 -04.5473050 ERI  1
04.7583300 -03.2500000 ERI  1
04.6050000 -03.3500000 ERI  1
04.1972200 -06.8333300 ERI  1
03.9666700 -13.5000000 ERI  1
03.7205600 -09.7500000 ERI  1
03.5483300 -09.4500000 ERI  1
02.9400000 -08.8833300 ERI  1
02.7350000 -13.8500000 ERI  1
02.7516700 -18.5667000 ERI  1
03.0394400 -23.6167000 ERI  1
03.3250000 -21.7500000 ERI  1
03.5627800 -21.6167000 ERI  1
03.7805600 -23.2333000 ERI  1
04.5922200 -30.5500000 ERI  1
04.4005600 -34.0167000 ERI  1
04.2977800 -33.7833000 ERI  1
03.8098333 -36.3777770 ERI  1
02.9711100 -40.3000000 ERI  1
02.6777800 -39.8500000 ERI  1
02.4494400 -47.7000000 ERI  1
02.2750000 -51.5000000 ERI  1
01.9322200 -51.6000000 ERI  1
01.6283300 -57.2333000 ERI  1
03.2011100 -28.9833000 FOR  3
02.8177800 -32.4000000 FOR  1
02.0744400 -29.2833000 FOR  2
06.7544400 +12.8833000 GEM  3
06.6283300 +16.3833000 GEM  1
06.4822200 +20.2000000 GEM  1
06.3822200 +22.5000000 GEM  1
06.7316700 +25.1167000 GEM  1
07.1855600 +30.2333000 GEM  1
07.4850000 +31.7833000 GEM  1
07.5766700 +31.8833000 GEM  1
07.7550000 +28.0167000 GEM  1
07.7405600 +24.3833000 GEM  1
07.3350000 +21.9667000 GEM  1
07.0683300 +20.5667000 GEM  1
06.6283300 +16.3833000 GEM  1
21.8983000 -37.3500000 GRU  3
22.4878000 -43.4833000 GRU  1
22.7111000 -46.8833000 GRU  1
22.8089000 -51.3167000 GRU  1
23.0144000 -52.7500000 GRU  1
23.1146472 -42.4796380 GRU  0
23.1726500 -44.7532770 GRU  1
22.7111000 -46.8833000 GRU  1
22.1372000 -46.9500000 GRU  1
16.3289000 +46.3000000 HER  3
16.5683000 +42.4333000 HER  1
16.7144000 +38.9167000 HER  1
16.6878000 +31.6000000 HER  1
16.5033000 +21.4833000 HER  1
16.6878000 +31.6000000 HER  0
17.0044000 +30.9167000 HER  1
17.2500000 +24.8333000 HER  1
17.5122000 +26.1000000 HER  1
17.7739000 +27.7167000 HER  1
17.2439000 +14.3833000 HER  0
17.2500000 +24.8333000 HER  1
16.7144000 +38.9167000 HER  0
17.2506000 +36.8000000 HER  1
17.3947222 +37.1458330 HER  1
17.9372000 +37.2500000 HER  1
17.0044000 +30.9167000 HER  0
17.2506000 +36.8000000 HER  1
04.2333300 -42.2833000 HOR  3
14.1061000 -26.6667000 HYA  3
13.3150000 -23.1667000 HYA  1
11.8817000 -33.9000000 HYA  1
11.5500000 -31.8500000 HYA  1
11.1939000 -22.8167000 HYA  1
10.9961000 -18.2833000 HYA  1
10.8267000 -16.1833000 HYA  1
10.4344000 -16.8333000 HYA  1
10.1761000 -12.3500000 HYA  1
09.8577800 -14.8333000 HYA  1
09.4594400 -08.6500000 HYA  1
09.6638900 -01.1333300 HYA  1
09.2388900 +02.3000000 HYA  1
08.9227800 +05.9333300 HYA  1
08.7794400 +06.4166700 HYA  1
08.6272200 +05.7000000 HYA  1
08.6455600 +03.3333300 HYA  1
08.7200000 +03.3833300 HYA  1
08.9227800 +05.9333300 HYA  1
01.9794400 -61.5667000 HYI  3
01.9155917 -66.3526940 HYI  1
02.3624833 -67.3405830 HYI  1
02.6598222 -67.7330550 HYI  1
00.4288890 -77.2500000 HYI  1
03.7872200 -74.2333000 HYI  1
21.9652972 -53.0074160 IND  3
21.3311083 -52.5505830 IND  1
20.6261000 -47.2833000 IND  1
20.9133000 -58.4500000 IND  0
21.3311083 -52.5505830 IND  1
22.2661611 +37.7487500 LAC  3
22.2313056 +39.7150000 LAC  2
22.5081278 +43.1233880 LAC  2
22.6752389 +44.2763050 LAC  2
22.3500000 +46.5333000 LAC  0
22.5081278 +43.1233880 LAC  2
22.4917000 +47.7000000 LAC  2
22.5211000 +50.2667000 LAC  2
22.3922000 +52.2167000 LAC  2
22.4083000 +49.4667000 LAC  2
22.4917000 +47.7000000 LAC  2
10.1394000 +11.9667000 LEO  3
10.1222000 +16.7500000 LEO  1
10.3328000 +19.8333000 LEO  1
11.2350000 +20.5167000 LEO  1
11.8172000 +14.5667000 LEO  1
11.2372000 +15.4167000 LEO  1
10.1394000 +11.9667000 LEO  1
09.8788900 +26.0000000 LEO  0
09.4105600 +26.1667000 LEO  1
09.5283300 +22.9667000 LEO  1
09.7638900 +23.7667000 LEO  1
09.8788900 +26.0000000 LEO  1
10.2778000 +23.4167000 LEO  1
10.3328000 +19.8333000 LEO  1
11.3987361 +10.5295000 LEO  0
11.2372000 +15.4167000 LEO  1
10.5468528 +09.3065830 LEO  0
10.1394000 +11.9667000 LEO  1
09.6858417 +09.8923050 LEO  1
10.1238222 +35.2446940 LMI  3
10.4644000 +36.7000000 LMI  2
10.8883000 +34.2000000 LMI  2
05.9400000 -14.1667000 LEP  3
05.7822200 -14.8167000 LEP  1
05.5450000 -17.8167000 LEP  1
05.2150000 -16.2000000 LEP  1
05.0905600 -22.3667000 LEP  1
05.8550000 -20.8667000 LEP  0
05.7405600 -22.4333000 LEP  1
05.4705600 -20.7500000 LEP  1
05.0905600 -22.3667000 LEP  1
05.5450000 -17.8167000 LEP  0
05.4705600 -20.7500000 LEP  1
15.6167000 -28.1333000 LIB  3
15.0678000 -25.2667000 LIB  2
14.8478000 -16.0333000 LIB  1
15.2833000 -09.3666700 LIB  1
15.5917000 -14.7833000 LIB  2
15.8970944 -15.2706940 LIB  2
15.2833000 -09.3666700 LIB  0
15.0678000 -25.2667000 LIB  1
14.6983000 -47.3833000 LUP  3
14.9750000 -43.1333000 LUP  1
15.3561000 -40.6333000 LUP  1
15.3633000 -36.2500000 LUP  1
15.2044000 -52.0833000 LUP  0
15.1988889 -47.2622220 LUP  1
15.3778000 -44.6833000 LUP  1
15.5856000 -41.1667000 LUP  1
16.0017000 -38.3833000 LUP  1
15.5856000 -41.1667000 LUP  0
15.3561000 -40.6333000 LUP  1
09.3505600 +34.3833000 LYN  3
09.3138900 +36.8000000 LYN  2
09.0105600 +41.7667000 LYN  2
08.3805600 +43.1833000 LYN  2
07.4452361 +49.2115270 LYN  2
06.9545833 +58.4225000 LYN  2
06.7705917 +59.4416660 LYN  2
18.6156000 +38.7833000 LYR  3
18.7461000 +37.6000000 LYR  1
18.8344000 +33.3500000 LYR  1
18.9822000 +32.6833000 LYR  1
18.9083000 +36.8833000 LYR  1
18.7461000 +37.6000000 LYR  1
18.9222500 +43.9460830 LYR  0
18.7396944 +39.6130550 LYR  1
18.6156000 +38.7833000 LYR  1
18.3310306 +36.0645550 LYR  1
06.1705600 -74.7500000 MEN  3
21.3456000 -40.8000000 MIC  3
08.1432361 -01.0162220 MON  3
07.6872200 -09.5500000 MON  2
07.1972200 -00.4833330 MON  2
06.4800000 -07.0333300 MON  2
06.2472200 -06.2666700 MON  2
06.3961361 +04.5928610 MON  2
06.5483972 +07.3329720 MON  2
11.7600000 -66.7167000 MUS  3
12.2928000 -67.9500000 MUS  1
12.6194000 -69.1333000 MUS  1
13.0378000 -71.5333000 MUS  1
12.7711000 -68.1000000 MUS  0
12.6194000 -69.1333000 MUS  1
12.5411000 -72.1167000 MUS  1
16.4528000 -47.5500000 NOR  3
16.3306000 -50.1500000 NOR  1
16.0535833 -48.7703050 NOR  1
21.6911000 -77.3833000 OCT  3
22.7672000 -81.3667000 OCT  1
14.4483000 -83.6667000 OCT  1
21.6911000 -77.3833000 OCT  1
17.1728000 -15.7167000 OPH  3
16.6189000 -10.5667000 OPH  1
16.3050000 -04.6833300 OPH  1
16.2389000 -03.6833300 OPH  1
16.5150000 +01.9833300 OPH  1
16.9611000 +09.3666700 OPH  1
17.5822000 +12.5500000 OPH  1
17.7244000 +04.5666700 OPH  1
17.7978000 +02.7000000 OPH  1
17.1728000 -15.7167000 OPH  1
05.9194400 +07.4000000 ORI  3
05.6788900 -01.9333300 ORI  1
05.7955600 -09.6666700 ORI  1
05.2422200 -08.2000000 ORI  1
05.4077800 -02.3833300 ORI  1
05.5333300 -00.2833330 ORI  1
05.4183300 +06.3333300 ORI  1
05.5855600 +09.9333300 ORI  1
05.9194400 +07.4000000 ORI  1
05.5333300 -00.2833330 ORI  0
05.6033300 -01.2000000 ORI  1
05.6788900 -01.9333300 ORI  1
20.4272000 -56.7333000 PAV  3
20.7492944 -65.7969720 PAV  1
20.0094000 -72.9000000 PAV  1
18.7172000 -71.4167000 PAV  1
17.7617000 -64.7167000 PAV  1
18.1430028 -62.3314440 PAV  1
18.3871167 -60.5061110 PAV  1
18.8700000 -62.1833000 PAV  1
20.1450000 -66.1667000 PAV  1
20.7492944 -65.7969720 PAV  1
21.4407250 -64.6338050 PAV  1
21.7361000 +09.8666700 PEG  3
23.0789000 +15.2000000 PEG  1
00.2205560 +15.1833000 PEG  1
00.1394440 +29.0833000 PEG  1
23.0628000 +28.0667000 PEG  1
23.0789000 +15.2000000 PEG  1
22.7167000 +30.2167000 PEG  0
23.0628000 +28.0667000 PEG  1
03.0794400 +53.5000000 PER  3
03.4050000 +49.8500000 PER  1
03.7150000 +47.7833000 PER  1
03.9638900 +40.0000000 PER  1
03.9016700 +31.8833000 PER  1
03.4050000 +49.8500000 PER  0
03.1577800 +44.8500000 PER  1
03.1361100 +40.9500000 PER  1
03.0861100 +38.8333000 PER  1
00.4377780 -42.3000000 PHE  3
01.4722200 -43.3167000 PHE  1
01.5205600 -49.0667000 PHE  1
01.1011100 -46.7167000 PHE  1
00.4377780 -42.3000000 PHE  1
06.8027800 -61.9333000 PIC  3
05.8300000 -56.1667000 PIC  2
05.7877800 -51.0500000 PIC  2
01.1852139 +31.4247220 PSC  3
01.1938900 +30.0833000 PSC  2
01.3244400 +27.2500000 PSC  1
01.2291556 +24.5835830 PSC  1
01.1905600 +21.0333000 PSC  1
01.5244400 +15.3333000 PSC  1
01.7561100 +09.1500000 PSC  1
02.0338900 +02.7500000 PSC  1
01.8922200 +03.1833300 PSC  1
01.6900000 +05.4833300 PSC  1
01.5027800 +06.1333300 PSC  1
01.0488900 +07.8833300 PSC  1
00.8111110 +07.5833300 PSC  1
23.9883000 +06.8500000 PSC  1
23.6656000 +05.6166700 PSC  1
23.4661000 +06.3666700 PSC  1
23.2856000 +03.2666700 PSC  1
23.4489000 +01.2500000 PSC  1
23.7006000 +01.7666700 PSC  1
23.6656000 +05.6166700 PSC  1
23.2856000 +03.2666700 PSC  0
23.0479500 +03.8200270 PSC  2
22.6772000 -27.0333000 PSA  3
22.9606000 -29.6167000 PSA  1
22.9322000 -32.5333000 PSA  1
22.8750000 -32.8667000 PSA  1
22.5250000 -32.3333000 PSA  1
22.1397250 -31.0115270 PSA  1
21.7491139 -32.9742220 PSA  1
21.7956111 -29.1016660 PSA  1
22.2385417 -26.2330830 PSA  1
22.6772000 -27.0333000 PSA  1
08.1255600 -24.3000000 PUP  3
07.9476361 -20.1200000 PUP  1
07.8211100 -24.8500000 PUP  1
07.6466700 -26.8000000 PUP  1
07.2855600 -37.0833000 PUP  1
06.6288900 -43.1833000 PUP  1
06.8322833 -49.3851660 PUP  1
07.4871806 -42.6988880 PUP  1
08.0594400 -40.0000000 PUP  1
07.2855600 -37.0833000 PUP  1
08.8416700 -27.7000000 PYX  3
08.7261100 -33.1833000 PYX  1
08.6683300 -35.3000000 PYX  1
04.2400000 -62.4667000 RET  3
03.7366700 -64.8000000 RET  1
03.9788900 -61.4000000 RET  1
04.2744400 -59.3000000 RET  1
04.2400000 -62.4667000 RET  1
19.6678000 +18.0000000 SGE  3
19.7894000 +18.5333000 SGE  1
19.9789000 +19.4833000 SGE  1
19.7894000 +18.5333000 SGE  0
19.6839000 +17.4667000 SGE  1
18.4028000 -34.3833000 SGR  3
18.0967000 -30.4167000 SGR  1
18.3494000 -29.8167000 SGR  1
18.4028000 -34.3833000 SGR  1
19.0433000 -29.8667000 SGR  1
19.1156000 -27.6667000 SGR  1
18.9206000 -26.2833000 SGR  1
18.7606000 -26.9833000 SGR  1
19.0433000 -29.8667000 SGR  1
18.4661000 -25.4167000 SGR  0
18.7606000 -26.9833000 SGR  1
18.3494000 -29.8167000 SGR  0
18.4661000 -25.4167000 SGR  1
18.9206000 -26.2833000 SGR  0
19.0778000 -21.7333000 SGR  1
19.1622000 -21.0167000 SGR  1
19.1622000 -21.0167000 SGR  2
18.9617000 -21.1000000 SGR  2
19.0778000 -21.7333000 SGR  2
17.7928000 -40.1167000 SCO  3
17.8308333 -36.9569440 SCO  1
17.5600000 -37.1000000 SCO  1
17.5127778 -36.7041660 SCO  1
17.7078000 -39.0167000 SCO  1
17.7928000 -40.1167000 SCO  1
17.6217000 -42.9833000 SCO  1
17.2022000 -43.2333000 SCO  1
16.9094000 -42.3500000 SCO  1
16.8644000 -38.0333000 SCO  1
16.8356000 -34.2833000 SCO  1
16.5978000 -28.2000000 SCO  1
16.4900000 -26.4167000 SCO  1
16.3528000 -25.5833000 SCO  1
16.0906000 -19.8000000 SCO  1
16.1994000 -19.4333000 SCO  0
16.0906000 -19.8000000 SCO  1
16.0056000 -22.6167000 SCO  1
15.9806000 -26.1000000 SCO  1
00.9766667 -29.3575000 SCL  1 Alpha Sculptoris
00.3586111 -28.9816667 SCL  1 Iota Sculptoris
23.8152778 -28.1302778 SCL  1 Delta Sculptoris
23.3136111 -32.5319444 SCL  1 Gamma Sculptoris
23.5494444 -37.8183333 SCL  1 Beta Sculptoris
18.4861000 -14.5500000 SCT  3
18.5867000 -08.2333300 SCT  2
18.7861000 -04.7333300 SCT  1
18.3943278 -07.0656110 SCT  0
18.5867000 -08.2333300 SCT  2
15.7694000 +15.4167000 SER1  3
15.8122000 +18.1333000 SER1  1
15.9406000 +15.6500000 SER1  1
15.7694000 +15.4167000 SER1  1
15.5800000 +10.5333000 SER1  1
15.7378000 +06.4166700 SER1  1
15.8467000 +04.4666700 SER1  1
16.2389000 -03.6833300 SER1  1
18.3550000 -02.8833300 SER2  3
17.9833000 -09.7666700 SER2  1
17.6902778 -11.1247220 SER2  1
17.1728000 -15.7167000 SER2  1
10.4911000 -02.7333300 SEX  3
04.3294400 +15.6167000 TAU  3
04.4761100 +15.9500000 TAU  1
04.5983300 +16.5000000 TAU  1
05.6272200 +21.1333000 TAU  1
04.3294400 +15.6167000 TAU  0
04.3822200 +17.5333000 TAU  1
04.4766700 +19.1667000 TAU  1
04.4228056 +22.2938880 TAU  1
04.4384611 +22.8135830 TAU  1
04.7040833 +22.9569440 TAU  1
04.3294400 +15.6167000 TAU  0
04.0111100 +12.4833000 TAU  1
03.5145472 +12.9366940 TAU  1
03.4527800 +09.7166700 TAU  1
03.4133300 +09.0166700 TAU  1
04.0522200 +05.9833300 TAU  0
04.2589056 +08.8923610 TAU  1
04.0111100 +12.4833000 TAU  1
18.1867000 -45.9500000 TEL  3
18.4494000 -45.9667000 TEL  2
18.4800000 -49.0667000 TEL  1
01.8844400 +29.5667000 TRI  3
02.1588900 +34.9833000 TRI  1
02.2883300 +33.8333000 TRI  1
01.8844400 +29.5667000 TRI  1
16.8106000 -69.0167000 TRA  3
15.9189000 -63.4167000 TRA  1
15.6117000 -66.3167000 TRA  1
15.3150000 -68.6667000 TRA  1
16.8106000 -69.0167000 TRA  1
22.4555472 -63.0336380 TUC  3
22.3083000 -60.2500000 TUC  1
23.2900000 -58.2333000 TUC  1
00.5255560 -62.9500000 TUC  1
00.3345167 -63.1252220 TUC  1
23.9986056 -64.4228610 TUC  1
23.2900000 -58.2333000 TUC  1
13.7922000 +49.3000000 UMA  3
13.3983000 +54.9167000 UMA  1
12.9000000 +55.9500000 UMA  1
12.2567000 +57.0167000 UMA  1
11.8967000 +53.6833000 UMA  1
11.0306000 +56.3667000 UMA  1
11.0617000 +61.7500000 UMA  1
12.2567000 +57.0167000 UMA  1
11.8967000 +53.6833000 UMA  0
11.7672000 +47.7667000 UMA  2
11.1606000 +44.4833000 UMA  2
10.3717000 +41.4833000 UMA  2
11.0617000 +61.7500000 UMA  0
09.5250000 +63.0500000 UMA  2
08.5038900 +60.7167000 UMA  2
09.5250000 +63.0500000 UMA  0
09.8494400 +59.0333000 UMA  2
09.5472200 +51.6667000 UMA  2
08.9866700 +48.0333000 UMA  2
10.2849417 +42.9143610 UMA  0
11.1606000 +44.4833000 UMA  2
09.0604167 +47.1566660 UMA  0
09.5472200 +51.6667000 UMA  2
02.5300000 +89.2500000 UMI  3
17.5367000 +86.5833000 UMI  1
16.7661000 +82.0333000 UMI  1
15.7339000 +77.7833000 UMI  1
14.8450000 +74.1500000 UMI  1
15.3450000 +71.8333000 UMI  1
16.2917000 +75.7500000 UMI  1
15.7339000 +77.7833000 UMI  1
08.7450000 -54.7000000 VEL  3
09.3683300 -55.0000000 VEL  1
09.9472200 -54.5667000 VEL  1
10.7794000 -49.4167000 VEL  1
10.2456000 -42.1167000 VEL  1
09.5116700 -40.4667000 VEL  1
09.1327800 -43.4167000 VEL  1
08.1577800 -47.3333000 VEL  1
08.7450000 -54.7000000 VEL  1
13.4194000 -11.1500000 VIR  3
13.5778000 -00.5833330 VIR  1
13.0361000 +10.9500000 VIR  1
12.9267000 +03.3833300 VIR  1
12.6939000 -01.4333300 VIR  1
13.4194000 -11.1500000 VIR  1
09.0405600 -66.3833000 VOL  3
08.4288900 -66.1333000 VOL  1
08.1316700 -68.6167000 VOL  1
07.6966700 -72.6000000 VOL  1
07.1450000 -70.4833000 VOL  1
07.2800000 -67.9500000 VOL  1
08.1316700 -68.6167000 VOL  1
19.8906000 +24.0667000 VUL  3
19.4783000 +24.6500000 VUL  2
19.3808000 +26.2624160 VUL  2
