Planet	Epoch	Sat.	a	e	w	M	i	node	n	P	Pw	Pnode	R.A.	Dec.	Tilt	Mean Radius	Sidereal period	Discovery date							
Mars	2433282.5	Phobos	9376	0.0151	150.057	91.059	1.075	207.784	1128.84476	0.3189	1.1316	2.2617	317.671	52.893	0.009	11.1	0.319	1877							
Mars	2433282.5	Deimos	23458	0.0002	260.729	325.329	1.788	24.525	285.161879	1.2624	27.3703	54.5367	316.657	53.529	0.889	6.2	1.262	1877							
Jupiter	2450464.5	Amalthea	181400	0.0032	155.873	185.194	0.38	108.946	722.631714	0.498	0.196	0.393	268.057	64.495	0	83.45	0.498	1892							
Jupiter	2450464.5	Thebe	221900	0.0176	234.269	135.956	1.08	235.694	533.700257	0.675	0.398	0.797	268.057	64.495	0	49.3	0.675	1980							
Jupiter	2450464.5	Adrastea	129000	0.0018	328.047	135.673	0.054	228.378	1206.99881	0.298	0.058	0.116	268.057	64.496	0	8.2	0.298	1979							
Jupiter	2450464.5	Metis	128000	0.0012	297.177	276.047	0.019	146.912	1221.2546	0.295	0.057	0.115	268.057	64.496	0	21.5	0.295	1979							
Jupiter	2451544.5	Himalia	11461000	0.1623	331.995	68.721	27.496	57.245	1.4367718	250.56	137.16	282.9	275.667	67.429	4.269	85	250.56	1904							
Jupiter	2451544.5	Elara	11741000	0.2174	143.591	332.962	26.627	109.373	1.3865491	259.64	126.42	252.49	273.2	68.246	4.282	43	259.64	1905							
Jupiter	2451544.5	Pasiphae	23624000	0.409	170.45	280.193	151.431	312.99	0.4841107	743.63	80.83	81.01	273.44	67.645	3.835	30	-743.63	1908							
Jupiter	2451544.5	Sinope	23939000	0.2495	346.394	168.397	158.109	303.081	0.4743709	758.9	89.27	87.54	273.266	66.88	3.211	19	-758.9	1914							
Jupiter	2451544.5	Lysithea	11717000	0.1124	49.486	329.121	28.302	5.528	1.3888799	259.2	131.52	299.88	271.356	67.115	2.953	18	259.2	1938							
Jupiter	2451544.5	Carme	23404000	0.2533	28.199	234.027	164.907	113.738	0.4903509	734.17	81.06	88.53	272.62	66.689	2.897	23	-734.17	1938							
Jupiter	2451544.5	Ananke	21276000	0.2435	100.619	248.793	148.889	7.615	0.5716368	629.77	140.85	108.96	279.087	66.152	4.891	14	-629.77	1951							
Jupiter	2451544.5	Leda	11165000	0.1636	272.349	228.076	27.457	217.137	1.4942498	240.92	142.57	296.66	271.668	66.848	2.788	10	240.92	1974							
Jupiter	2452400.5	Callirrhoe	24102000	0.2829	30.401	152.816	147.155	291.872	0.4744545	758.77	119.98	89	0	0	0	4.3	-758.77	2000							
Jupiter	2452401.5	Themisto	7507000	0.2424	219.285	162.282	43.068	191.413	2.7688073	130.02	682.89	532.86	0	0	0	4	130.02	1975							
Jupiter	2452402.5	Megaclite	23808000	0.4211	287.59	189.256	152.845	286.556	0.4781741	752.86	76.23	78.97	0	0	0	2.7	-752.86	2001							
Jupiter	2452403.5	Taygete	23363000	0.2518	239.948	154.116	165.241	312.916	0.4915296	732.41	80.91	88.46	0	0	0	2.5	-732.41	2001							
Jupiter	2452404.5	Chaldene	23179000	0.2514	255.976	330.614	165.171	145.101	0.4974307	723.72	81.77	89.64	0	0	0	1.9	-723.72	2001							
Jupiter	2452405.5	Harpalyke	21104000	0.2261	140.833	351.325	148.648	37.129	0.5775499	623.32	147.17	111.62	0	0	0	2.2	-623.32	2001							
Jupiter	2452406.5	Kalyke	23564000	0.2464	232.768	311.512	165.181	56.116	0.4851387	742.06	80.94	87.84	0	0	0	2.6	-742.06	2001							
Jupiter	2452407.5	Iocaste	21272000	0.2151	68.32	345.901	149.436	276.822	0.5699814	631.6	145.47	111.12	0	0	0	2.6	-631.6	2001							
Jupiter	2452408.5	Erinome	23283000	0.2656	20.169	326.051	164.921	326.56	0.4941918	728.46	80.52	88.34	0	0	0	1.6	-728.46	2001							
Jupiter	2452409.5	Isonoe	23231000	0.2465	125.072	186.803	165.252	138.553	0.4957083	726.23	81.69	89.4	0	0	0	1.9	-726.23	2001							
Jupiter	2452410.5	Praxidike	21148000	0.2302	196.194	252.058	148.985	287.671	0.5756397	625.39	144.72	111.07	0	0	0	3.4	-625.39	2001							
Jupiter	2452411.5	Autonoe	24033000	0.3166	62.045	189.372	152.284	281.03	0.4730593	761	92.56	85.14	0	0	0	2	-760.95	2002							
Jupiter	2452412.5	Thyone	21192000	0.2377	102.491	12.61	148.819	241.001	0.573992	627.19	148.75	110.16	0	0	0	2	-627.21	2002							
Jupiter	2452413.5	Hermippe	21300000	0.2123	307.22	259.734	150.887	338.558	0.567909	633.9	136.53	109.94	0	0	0	2	-633.9	2002							
Jupiter	2452414.5	Aitne	23315000	0.2655	107.618	166.207	165.058	16.419	0.4930857	730.1	80.3	87.99	0	0	0	1.5	-730.18	2002							
Jupiter	2452415.5	Eurydome	23148000	0.2758	231.855	359.454	150.206	312.918	0.5018521	717.34	111.16	93.08	0	0	0	1.5	-717.33	2002							
Jupiter	2452416.5	Euanthe	21038000	0.2308	324.853	113.502	148.998	261.907	0.5802362	620.44	143.72	111.45	0	0	0	1.5	-620.49	2002							
Jupiter	2452417.5	Euporie	19339000	0.144	90.162	275.952	145.499	66.471	0.6537291	550.69	9892.85	140.57	0	0	0	1	-550.74	2002							
Jupiter	2452418.5	Orthosie	21164000	0.278	223.181	340.185	145.937	228.744	0.5782671	622.55	141.65	107.6	0	0	0	1	-622.56	2002							
Jupiter	2452419.5	Sponde	23790000	0.3132	73.467	224.949	151.153	127.419	0.4810854	748.31	97.57	87.19	0	0	0	1	-748.34	2002							
Jupiter	2452420.5	Kale	23302000	0.2521	54.04	274.112	165.072	68.851	0.4934581	729.55	81.37	89.02	0	0	0	1	-729.47	2002							
Jupiter	2452421.5	Pasithee	23090000	0.2668	243.393	283.236	165.033	338.036	0.5003783	719.46	80.62	88.98	0	0	0	1	-719.44	2002							
Jupiter	2452422.5	Hegemone	23566000	0.3439	211.543	291.025	153.977	330.405	0.4865844	739.85	85.26	84.84	0	0	0	1.5	-739.88	2003							
Jupiter	2452423.5	Mneme	21036000	0.2271	47.381	33.617	148.63	20.386	0.5805862	620.06	147.53	112.14	0	0	0	1	-620.04	2003							
Jupiter	2452424.5	Aoede	23969000	0.4324	73.579	241.676	158.253	185.23	0.4728055	761.41	69.19	76.94	0	0	0	2	-761.5	2003							
Jupiter	2452425.5	Thelxinoe	21165000	0.2194	319.126	39.419	151.335	176.805	0.5731589	628.1	131.24	110.68	0	0	0	1	-628.09	2003							
Jupiter	2452426.5	Arche	23355000	0.2555	182.844	100.181	164.937	349.25	0.4918684	731.9	81.07	88.55	0	0	0	1.5	-731.95	2002							
Jupiter	2452427.5	Kallichore	23273000	0.2424	19.438	117.529	165.121	39.12	0.4943141	728.28	81.93	89.65	0	0	0	1	-728.73	2003							
Jupiter	2452428.5	Helike	21064000	0.1467	308.006	175.441	154.621	97.744	0.5747871	626.32	129.08	114.99	0	0	0	2	-626.32	2003							
Jupiter	2452429.5	Carpo	17078000	0.4436	90.238	300.325	51.157	43.526	0.7890326	456.25	14456.43	113.65	0	0	0	1.5	456.3	2003							
Jupiter	2452430.5	Eukelade	23322000	0.267	319.562	264.872	165.246	202.851	0.4929317	730.32	80.12	87.98	0	0	0	2	-730.47	2003							
Jupiter	2452431.5	Cyllene	23787000	0.4175	203.208	173.914	150.202	265.547	0.478719	752.01	80.11	80.05	0	0	0	1	-752	2003							
Jupiter	2452432.5	Kore	24486000	0.3315	146.442	68.764	145.043	322.282	0.4635594	776.6	108.31	84.45	0	0	0	1	-779.17	2003							
Jupiter	2452433.5	Herse	23405000	0.2493	338.48	199.693	164.815	303.508	0.4900989	734.55	80.89	88.22	0	0	0	1	-714.51	2003							
Jupiter	2452434.5	S/2003J2	28332000	0.4114	173.34	231.301	157.106	355.955	0.3675978	979.33	60.35	63.03	0	0	0	1	-981.55	2003							
Jupiter	2452435.5	S/2003J3	20230000	0.2027	71.743	120.308	147.772	237.744	0.6165714	583.87	179.02	123.43	0	0	0	1	-583.88	2003							
Jupiter	2452436.5	S/2003J4	23928000	0.3558	204.631	311.008	149.316	188.149	0.4766827	755.22	89.98	82.8	0	0	0	1	-755.26	2003							
Jupiter	2452437.5	S/2003J5	23493000	0.2459	102.993	33.703	165.278	188.371	0.4873116	738.75	80.97	87.99	0	0	0	2	-738.74	2003							
Jupiter	2452438.5	S/2003J9	23385000	0.2641	304.838	48.407	165.155	55.092	0.4909224	733.31	80.28	87.9	0	0	0	0.5	-733.3	2003							
Jupiter	2452439.5	S/2003J10	23042000	0.4284	183.464	327.589	165.224	162.64	0.5025957	716.28	67.96	80.1	0	0	0	1	-716.25	2003							
Jupiter	2452440.5	S/2003J12	17835000	0.4884	21.77	308.8	150.827	73.12	0.735207	489.66	97.96	108.82	0	0	0	0.5	-489.72	2003							
Jupiter	2452441.5	S/2003J15	22622000	0.1868	22.241	149.808	146.405	244.678	0.5219129	689.77	193.01	104.27	0	0	0	1	-689.77	2003							
Jupiter	2452442.5	S/2003J16	20948000	0.2309	66.633	77.926	148.631	24.081	0.5841036	616.33	151.57	112.81	0	0	0	1	-616.33	2003							
Jupiter	2452443.5	S/2003J18	20494000	0.1016	103.272	32.964	146.007	166.444	0.6018926	598.11	1542.46	131.01	0	0	0	1	-596.58	2003							
Jupiter	2452444.5	S/2003J19	23532000	0.262	186.391	278.387	165.174	36.396	0.4862333	740.39	80.15	87.51	0	0	0	1	-740.43	2003							
Jupiter	2452445.5	S/2003J23	23549000	0.2702	261.641	207.495	146.267	51.018	0.4914881	732.47	131.3	92.26	0	0	0	1	-732.45	2004							
Jupiter	2458477.5	Dia	12225603	0.2255	234.508	249.0605	27.762	267.6555	1.3035902	276.16	0	0	0	0	0	2	276.16	2000							
Jupiter	2458477.5	S/2010J1	22525480	0.1971	270.0889	300.7955	164.429	355.0635	0.521237281	690.66	0	0	0	0	0	2	-690.66	2010							
Jupiter	2458477.5	S/2010J2	20661516	0.3139	72.114	22.6579	151.574	56.6508	0.593339532	606.74	0	0	0	0	0	2	-606.74	2010							
Jupiter	2458477.5	S/2011J1	22523514	0.217	115.821	44.7516	163.455	326.3675	0.521305545	690.57	0	0	0	0	0	2	-690.57	2011							
Jupiter	2458477.5	S/2011J2	22637521	0.3129	337.604	186.4596	149.684	110.0368	0.517372389	695.82	0	0	0	0	0	2	-695.82	2011							
Jupiter	2458477.5	S/2016J1	20855272	0.143	319.746	317.0871	141.726	299.0118	0.58509013	615.29	0	0	0	0	0	1	-615.29	2016							
Jupiter	2458477.5	S/2016J2	18733505	0.1837	133.188	9.438158	34.4716	240.0199	0.68725514	523.82	0	0	0	0	0	1	523.82	2016							
Jupiter	2458477.5	S/2017J1	23767627	0.3585	107.082	4.365376	146.5126	339.9712	0.48091441	748.57	0	0	0	0	0	2	-748.57	2017							
Jupiter	2458477.5	S/2017J2	24003091	0.2295	248.301	104.2274	166.811	75.0697	0.473855357	759.73	0	0	0	0	0	2	-759.73	2017							
Jupiter	2458477.5	S/2017J3	21032865	0.09692	207.165	212.216	149.261	82.8571	0.57769537	623.17	0	0	0	0	0	2	-623.17	2017							
Jupiter	2458477.5	S/2017J4	11508509	0.1934	238.325	318.505	28.0916	228.405	1.427308819	252.22	0	0	0	0	0	3	252.22	2017							
Jupiter	2458477.5	S/2017J5	24123878	0.1848	6.2834	225.773	165.3881	120.3957	0.470300947	765.47	0	0	0	0	0	2	-765.47	2017							
Jupiter	2458477.5	S/2017J6	23512667	0.4423	72.271	326.743	154.3272	29.9557	0.48875781	736.56	0	0	0	0	0	2	-736.56	2017							
Jupiter	2458477.5	S/2017J7	20911106	0.2021	319.724	45.354	143.9399	323.773	0.582748361	617.76	0	0	0	0	0	2	-617.76	2017							
Jupiter	2458477.5	S/2017J8	23410950	0.2535	34.1078	231.82	164.9499	163.7885	0.491946653	731.79	0	0	0	0	0	1	-731.79	2017							
Jupiter	2458477.5	S/2017J9	21993530	0.2041	317.701	52.8708	153.554	309.2201	0.540261706	666.34	0	0	0	0	0	3	-666.34	2017							
Jupiter	2458477.5	S/2018J1	11459000	0.09879	350.784	175.6298	31.0891	92.8087	1.436569344	250.6	0	0	0	0	0	3	250.60	2018							
Saturn	2451544.5	Mimas	185539	0.0196	332.478	14.876	1.574	173.026	381.994498	0.942	0.493	0.986	40.584	83.538	0	198.8	0.942	1789							
Saturn	2451545.5	Enceladus	238037	0.0047	188.319	10.69	0.009	343.266	262.731898	1.37	1.306	2.364	40.581	83.538	0.001	252.3	1.37	1789							
Saturn	2451546.5	Tethys	294672	0.0001	44.843	243.727	1.091	259.845	190.697911	1.888	2.49	4.982	40.572	83.539	0.002	536.3	1.888	1684							
Saturn	2451547.5	Dione	377415	0.0022	284.111	322.242	0.028	290.615	131.534931	2.737	5.852	11.709	40.539	83.542	0.007	562.5	2.737	1684							
Saturn	2451548.5	Rhea	527068	0.001	213.663	207.767	0.333	351.018	79.6900462	4.518	34.091	35.832	40.32	83.56	0.037	764.5	4.518	1672							
Saturn	2451549.5	Titan	1221865	0.0288	179.92	163.308	0.312	28.758	22.5769756	15.95	356.43	722.06	36.128	83.956	0.641	2575.5	15.95	1655							
Saturn	2451550.5	Hyperion	1500934	0.0232	303.162	86.338	0.615	263.882	16.9199504	21.28	128.03	154.7	36.356	83.86	0.565	133	21.28	1848							
Saturn	2451551.5	Iapetus	3560851	0.0293	271.599	201.81	8.313	81.189	4.537942	79.33	1678.15	3445.31	284.638	78.75	15.215	734.5	79.33	1671							
Saturn	2451552.5	Phoebe	12947913	0.1634	342.501	53.037	175.243	241.087	0.6541856	550.3	460.92	723.17	275.954	67.455	26.723	106.6	-550.31	1899							
Saturn	2453005.5	Janus	151460	0.0068	241.778	242.754	0.163	46.899	518.238883	0.695	0.241	0.482	0	0	0	90.4	0.695	1966							
Saturn	2453006.5	Epimetheus	151410	0.0098	312.63	308.322	0.351	85.244	518.48282	0.694	0.24	0.481	0	0	0	58.3	0.694	1980							
Saturn	2453007.5	Helene	377420	0.0071	292.056	134.07	0.213	40.039	131.534931	2.737	5.823	11.704	0	0	0	16	2.737	1980							
Saturn	2453008.5	Telesto	294710	0.0002	341.795	200.143	1.18	300.256	190.697839	1.888	2.488	4.982	0	0	0	12	1.888	1980							
Saturn	2453009.5	Calypso	294710	0.0005	234.788	101.961	1.499	25.327	190.697839	1.888	2.487	4.983	0	0	0	9.5	1.888	1980							
Saturn	2453010.5	Atlas	137670	0.0012	331.521	157.738	0.003	0.5	598.309985	0.602	0.172	0.344	0	0	0	15.3	0.602	1980							
Saturn	2453011.5	Prometheus	139380	0.0022	164.389	242.224	0.008	259.504	587.285237	0.613	0.179	0.359	0	0	0	46.8	0.613	1980							
Saturn	2453012.5	Pandora	141720	0.0042	83.461	202.697	0.05	327.215	572.788523	0.629	0.19	0.381	0	0	0	40.6	0.629	1980							
Saturn	2453013.5	Pan	133580	0	139.318	246.065	0.001	40.557	626.031737	0.575	0.154	0.309	0	0	0	12.8	0.575	1990							
Saturn	2453014.5	Methone	194440	0.0001	292.695	163.735	0.007	321.745	356.586054	1.01	0.405	0.987	0	0	0	1.5	1.01	2004							
Saturn	2453015.5	Pallene	212280	0.004	216.475	125.909	0.181	114.43	312.02713	1.154	0.79	1.582	0	0	0	2	1.154	2004							
Saturn	2453016.5	Polydeuces	377200	0.0192	200.028	191.22	0.177	304.799	131.534744	2.737	5.879	11.938	0	0	0	1.25	2.737	2004							
Saturn	2453017.5	Daphnis	136500	0	0	306.135	0	0	605.979154	0.594	0	0	0	0	0	3.5	0.594	2005							
Saturn	2451544.5	Ymir	23140400	0.3337	39.505	230.935	171.661	210.828	0.2736437	1315.58	251.21	333.46	0	0	0	9	-1315.14	2000							
Saturn	2451545.5	Paaliaq	15024000	0.5402	235.51	306.407	41.77	354.94	0.5236065	687.54	536.79	301.39	0	0	0	11	686.95	2000							
Saturn	2451546.5	Tarvos	18263200	0.5309	277.448	269.578	35.949	89.356	0.3888339	925.85	215.12	374.77	0	0	0	7.5	926.23	2000							
Saturn	2451547.5	Ijiraq	11367400	0.458	67.015	29.765	47.123	153.384	0.7973041	451.52	2447.79	691.28	0	0	0	6	451.42	2000							
Saturn	2451548.5	Suttungr	19476700	0.1139	60.106	320.639	173.888	253.045	0.3540954	1016.68	405.79	637.28	0	0	0	3.5	-1016.67	2000							
Saturn	2451549.5	Kiviuq	11311100	0.1642	92.805	168.858	48.525	351.991	0.801551	449.13	1490.36	1280.5	0	0	0	8	449.22	2000							
Saturn	2451550.5	Mundilfari	18667900	0.2051	301.221	94.443	169.206	78.072	0.3778238	952.83	267.44	367.52	0	0	0	3.5	-952.77	2000							
Saturn	2451551.5	Albiorix	16401100	0.4838	56.759	31.855	35.511	102.042	0.4594642	783.52	265.73	359.48	0	0	0	16	783.45	2000							
Saturn	2451552.5	Skathi	15614300	0.2939	212.98	102.213	150.798	281.731	0.4944357	728.1	600.65	552.94	0	0	0	4	-728.2	2000							
Saturn	2451553.5	Erriapus	17611400	0.4676	287.615	304.526	38.649	134.674	0.4134136	870.8	238.75	478.66	0	0	0	5	871.19	2000							
Saturn	2451554.5	Siarnaq	18015400	0.4052	69.203	189.646	44.507	60.917	0.4015878	896.44	639.41	326.57	0	0	0	20	895.53	2000							
Saturn	2451555.5	Thrymr	20439600	0.4655	97.997	89.578	173.656	258.962	0.3290414	1094.09	333.91	548.93	0	0	0	3.5	-1094.11	2000							
Saturn	2451556.5	Narvi	19417300	0.4261	180.865	104.658	143.242	175.404	0.3586589	1003.74	417.44	411.07	0	0	0	3.5	-1003.86	2003							
Saturn	2451557.5	Aegir	20749800	0.2524	246.803	24.739	167.106	183.38	0.3220529	1117.83	264.42	336.09	0	0	0	3	-1117.52	2004							
Saturn	2451558.5	Bebhionn	17117800	0.484	0.182	167.318	34.563	197.913	0.4311761	834.93	236.35	328.87	0	0	0	3	834.84	2004							
Saturn	2451559.5	Bergelmir	19338300	0.1417	138.963	305.094	158.919	206.334	0.3579317	1005.78	362.44	426.29	0	0	0	3	-1005.74	2004							
Saturn	2451560.5	Bestla	20278000	0.4738	80.9	254.509	141.739	288.848	0.3310571	1087.43	299.11	307.33	0	0	0	3.5	-1088.72	2004							
Saturn	2451561.5	Farbauti	20387000	0.2453	344.282	279.864	158.045	135.255	0.3311881	1087	304.06	352.87	0	0	0	2.5	-1085.55	2004							
Saturn	2451562.5	Fenrir	22454800	0.1332	125.35	131.329	164.444	230.177	0.28562	1260.42	285.73	346.84	0	0	0	2	-1260.35	2004							
Saturn	2451563.5	Fornjot	25151200	0.2102	326.612	213.675	169.697	261.584	0.2409334	1494.19	246.19	299.41	0	0	0	3	-1494.2	2004							
Saturn	2451564.5	Hati	19775000	0.3728	19.658	176.485	164.955	323.348	0.3464779	1039.03	281.18	370.48	0	0	0	3	-1038.61	2004							
Saturn	2451565.5	Hyrokkin	18437300	0.3288	270.538	290.762	151.245	42.971	0.3863528	931.79	387.16	374.13	0	0	0	4	-931.86	2006							
Saturn	2451566.5	Kari	22077100	0.4842	163.182	284.935	155.902	279.822	0.2924907	1230.81	233.1	270.29	0	0	0	3.5	-1230.97	2006							
Saturn	2451567.5	Loge	23065500	0.1881	28.991	337.509	167.162	340.213	0.274513	1311.41	269.78	334.32	0	0	0	3	-1311.36	2006							
Saturn	2451568.5	Skoll	17663300	0.4704	194.388	43.103	160.178	298.253	0.4098387	878.39	311.04	408.9	0	0	0	3	-878.29	2006							
Saturn	2451569.5	Surtur	22920400	0.4466	306.948	145.641	169.141	239.715	0.277673	1296.49	213.91	278.39	0	0	0	3	-1297.36	2006							
Saturn	2451570.5	Jarnsaxa	19356400	0.2171	232.068	199.471	163.322	18.065	0.3575032	1006.98	312.43	396.09	0	0	0	3	-964.74	2006							
Saturn	2451571.5	Greip	18442200	0.316	137.94	313.455	173.343	335.478	0.384772	935.62	352.49	536.48	0	0	0	3	-921.19	2006							
Saturn	2451572.5	Tarqeq	17909900	0.1186	61.169	132.06	49.572	92.748	0.4057231	887.3	2162.65	691.54	0	0	0	3.5	887.48	2007							
Saturn	2451573.5	S/2004_S7	21005800	0.5295	80.612	80.903	164.862	337.995	0.3157784	1140.04	231.75	309.32	0	0	0	3	-1140.24	2004							
Saturn	2451574.5	S/2004_S12	19867500	0.3228	86.627	9.612	163.309	307.487	0.3441218	1046.14	300.63	395.64	0	0	0	2.5	-1046.19	2004							
Saturn	2451575.5	S/2004_S13	18408700	0.2604	355.364	41.342	169.079	214.792	0.385626	933.55	311.57	426.62	0	0	0	3	-933.48	2004							
Saturn	2451576.5	S/2004_S17	19449900	0.181	172.481	230.084	167.968	18.768	0.3548218	1014.59	305.99	406.58	0	0	0	2	-1014.7	2004							
Saturn	2451577.5	S/2006_S1	18797400	0.1183	155.908	91.988	154.99	335.103	0.3736641	963.43	402.48	490.2	0	0	0	3	-963.37	2006							
Saturn	2451578.5	S/2006_S3	22100100	0.4042	187.263	158.916	158.904	211.265	0.2933719	1227.11	244.12	284.72	0	0	0	3	-1227.21	2006							
Saturn	2451579.5	S/2007_S2	16723300	0.1778	55.977	84.178	175.643	109.463	0.4454344	808.2	261.41	341.76	0	0	0	3	-808.08	2007							
Saturn	2451580.5	S/2007_S3	18981900	0.1847	289.603	292.91	175.704	94.763	0.3681733	977.8	231.11	295.78	0	0	0	3	-977.8	2007
Saturn	2451581.5	S/2009_S1	117000	0	0	0	0	0	0	0	0	0	0	0	0	0.3	0.4715	2009														
Uranus	2444239.5	Ariel	190900	0.0012	115.349	39.481	0.041	22.394	142.835658	2.52	28.788	57.248	0	0	0	578.9	2.52	1851							
Uranus	2444240.5	Umbriel	266000	0.0039	84.709	12.469	0.128	33.485	86.8688879	4.144	63.146	126.951	0	0	0	584.7	4.144	1851							
Uranus	2444241.5	Titania	436300	0.0011	284.4	24.614	0.079	99.771	41.3514246	8.706	161.525	195.369	0	0	0	788.9	8.706	1787							
Uranus	2444242.5	Oberon	583500	0.0014	104.4	283.088	0.068	279.771	26.7394888	13.46	161.52	195.37	0	0	0	761.4	13.46	1787							
Uranus	2444243.5	Miranda	129900	0.0013	68.312	311.33	4.338	326.438	254.690658	1.413	8.913	17.727	0	0	0	235.8	1.413	1948							
Uranus	2446450	Cordelia	49800	0.0003	136.827	254.805	0.085	38.374	1074.51832	0.335	0.328	0.657	0	0	0	20.1	0.335	1986							
Uranus	2446451	Ophelia	53800	0.0099	17.761	116.259	0.104	164.048	956.428333	0.376	0.431	0.862	0	0	0	21.4	0.376	1986							
Uranus	2446452	Bianca	59200	0.0009	8.293	138.486	0.193	93.22	828.387961	0.435	0.603	1.206	0	0	0	25.7	0.435	1986							
Uranus	2446453	Cressida	61800	0.0004	44.236	233.795	0.006	99.403	776.582414	0.464	0.701	1.402	0	0	0	39.8	0.464	1986							
Uranus	2446454	Desdemona	62700	0.0001	183.285	184.627	0.113	306.089	760.055539	0.474	0.737	1.474	0	0	0	32	0.474	1986							
Uranus	2446455	Juliet	64400	0.0007	223.819	244.696	0.065	200.155	730.126135	0.493	0.809	1.619	0	0	0	46.8	0.493	1986							
Uranus	2446456	Portia	66100	0.0001	222.433	218.312	0.059	260.067	701.486481	0.513	0.888	1.777	0	0	0	67.6	0.513	1986							
Uranus	2446457	Rosalind	69900	0.0001	140.477	136.181	0.279	12.847	644.630418	0.558	1.081	2.163	0	0	0	36	0.558	1986							
Uranus	2446458	Belinda	75300	0.0001	42.406	357.224	0.031	279.337	577.360289	0.624	1.397	2.796	0	0	0	40.3	0.624	1986							
Uranus	2446459	Puck	86000	0.0001	177.094	245.796	0.319	268.734	472.544588	0.762	2.224	4.448	0	0	0	81	0.762	1985							
Uranus	2453973	Perdita	76417	0.0116	253.925	192.405	0.47	309.376	564.246959	0.638	1.479	2.958	0	0	0	10	0.638	1986							
Uranus	2453973	Mab	97736	0.0025	249.565	273.769	0.134	350.737	390.050107	0.923	3.502	7.004	0	0	0	5	0.923	2003							
Uranus	2453973	Cupid	74392	0.0013	247.608	163.83	0.099	182.793	587.443649	0.613	1.346	2.693	0	0	0	5	0.613	2003							
Uranus	2451545	Caliban	7231100	0.1812	354.339	7.271	141.529	171.189	0.6209758	579.73	8936.31	6445.52	0	0	0	49	-579.73	1997							
Uranus	2451546	Sycorax	12179400	0.5219	20.103	266.583	159.42	263.034	0.2794217	1288.38	1393.43	1863.29	0	0	0	95	-1288.3	1997							
Uranus	2451547	Prospero	16276800	0.4445	174.152	233.586	151.83	319.003	0.1819679	1978.37	1155.47	1370.39	0	0	0	15	-1978.29	1999							
Uranus	2451548	Setebos	17420400	0.5908	359.953	179.449	158.235	250.235	0.1617921	2225.08	823.91	1044.2	0	0	0	15	-2225.21	1999							
Uranus	2451549	Stephano	8007400	0.2248	14.956	270.163	143.819	191.411	0.5313866	677.47	5484.23	5182.2	0	0	0	10	-677.36	1999							
Uranus	2451550	Trinculo	8505200	0.2194	158.688	180.374	166.971	193.755	0.4803847	749.4	2592.77	4273.04	0	0	0	5	-749.24	2001							
Uranus	2451551	Francisco	4282900	0.1324	140.644	3.202	147.25	100.738	1.3478663	267.09	12574.36	14080.4	0	0	0	6	-266.56	2001							
Uranus	2451552	Margaret	14146700	0.6772	90.017	322.187	57.367	7.067	0.2167366	1661	12057739.2	987.08	0	0	0	5.5	1687.01	2003							
Uranus	2451553	Ferdinand	20430000	0.3993	156.298	26.163	169.793	217.35	0.1290311	2790.03	747.3	1001.7	0	0	0	6	-2887.21	2001							
Neptune	2451553	Triton	354759	0	66.142	352.257	156.865	177.608	61.2572638	5.877	386.371	687.446	299.456	43.414	0.01	1353.4	-5.877	1846							
Neptune	2451553	Nereid	5513818	0.7507	281.117	216.692	7.09	335.57	0.9996276	360.13	8091.45	9455.73	269.302	69.117	30.011	170	360.14	1949							
Neptune	2452800.5	Halimede	16611000	0.2646	157.509	109.896	112.712	217.477	0.1915829	1879.08	6741.38	18525.29	0	0	0	31	-1879.71	2003							
Neptune	2452801.5	Psamathe	48096000	0.3809	149.685	200.132	126.312	317.172	0.0396725	9074.3	2774.29	2438.14	0	0	0	20	-9115.91	2003							
Neptune	2452802.5	Sao	22228000	0.1365	62.621	170.128	53.483	61.428	0.123596	2912.72	14955.67	7090.66	0	0	0	22	2914.07	2003							
Neptune	2452803.5	Laomedeia	23567000	0.3969	137.898	292.502	37.874	53.235	0.113517	3171.33	2565.84	4059.13	0	0	0	21	3167.85	2003							
Neptune	2452804.5	Neso	49285000	0.5714	87.229	259.701	136.439	51.325	0.0369582	9740.73	1517.16	815.58	0	0	0	30	-9373.99	2003							
Neptune	2458477.5	Despina	52448.17	2.89449E-05	8.2185	209.499	28.4941	48.9522	1077.6024	0.3341	0	0	0	0	0	74	0.3341	1989							
Neptune	2458477.5	Galatea	61919.02	0.00115929	263.157	268.613	28.5646	49.0097	840.074976	0.4285	0	0	0	0	0	92	0.4285	1989							
Neptune	2458477.5	Larissa	73479.03	0.000748535	44.343	220.544	28.5739	49.3844	649.843776	0.554	0	0	0	0	0	102	0.5540	1989							
Neptune	2458477.5	Naiad	48218.37	0.0013877	224.856	62.9089	33.1234	50.9814	1222.46496	0.2945	0	0	0	0	0	30	0.2945	1989							
Neptune	2458477.5	Proteus	117541.64	0.000565236	135.176	102.601	29.0308	48.7339	321.1933824	1.1208	0	0	0	0	0	208	1.1208	1989							
Neptune	2458477.5	S/2004N1	105370.45	0.000661296	96.0855	358.035	28.8838	48.6688	378.4215456	0.9513	0	0	0	0	0	10	0.9513	2013							
Neptune	2458477.5	Thalassa	50260.66	0.0023346	39.8191	5.60563	28.5518	49.263	1148.713834	0.3134	0	0	0	0	0	50	0.3134	1989							
Pluto	2451545.5	Charon	19596	0.000148	189.676	159.769	0.00005	227.401	56.36256455	6.387	0	0	0	0	0	605	6.38723	1978							
Pluto	2458477.5	Styx	43561.01	0.0367055	110.684	37.8814	0.021134	227.447	17.01910656	21.1527	0	0	0	0	0	5	21.1527	2010							
Pluto	2451546	Nix	48708	0.003	270.877	260.688	0.007366	273.44	14.483934	24.86	2.48	4.76	0	0	0	19	24.85	2005							
Pluto	2458477.5	Kerberos	57882.26	0.00447169	88.8372	19.0993	0.193534	226.995	11.11130611	32.3994	0	0	0	0	0	6	32.3994	2010							
Pluto	2451547	Hydra	64749	0.0051	149.649	336.76	0.205166	102.469	9.4229078	38.2	7.01	14.21	0	0	0	28	38.2	2005